81
1 Adana 6 33 51 38 46 80 31
2 Adiyaman 5 46 44 21 63 27
3 Afyon 7 43 26 42 32 15 20 64
4 Agri 6 36 76 65 13 49 25
5 Amasya 4 19 55 60 66
6 Ankara 7 14 18 71 40 68 42 26
7 Antalya 6 48 15 32 42 70 33
8 Artvin 3 53 25 75
9 Aydin 4 35 45 20 48
10 Balikesir 5 17 16 43 45 35
11 Bilecik 5 16 54 14 26 43
12 Bingol 6 24 62 23 21 49 25
13 Bitlis 5 49 72 56 65 4
14 Bolu 8 11 26 6 18 78 67 81 54
15 Burdur 5 48 7 32 3 20
16 Bursa 5 77 41 11 43 10
17 Canakkale 1 10
18 Cankiri 6 14 78 37 19 71 6
19 Corum 7 18 37 57 55 5 66 71
20 Denizli 6 48 9 45 64 3 15
21 Diyarbakir 8 63 2 44 23 12 49 72 47
22 Edirne 2 39 59
23 Elazig 5 44 24 62 12 21
24 Erzincan 9 58 28 29 69 25 12 62 23 44
25 Erzurum 9 24 69 53 8 75 36 4 49 12
26 Eskisehir 6 43 11 14 6 42 3
27 Gaziantep 6 80 46 2 63 79 31
28 Giresun 5 52 61 29 24 58
29 Gumushane 4 28 61 69 24
30 Hakkari 2 73 65
31 Hatay 3 1 80 27
32 Isparta 4 15 3 42 7
33 Icel 5 7 70 42 51 1
34 Istanbul 3 59 39 41
35 Izmir 3 10 45 9
36 Kars 4 75 76 4 25
37 Kastamonu 5 74 78 18 19 57
38 Kayseri 6 51 50 66 1 58 46
39 Kirklareli 3 22 59 34
40 Kirsehir 5 6 71 66 50 68
41 Kocaeli 4 34 77 16 54
42 Konya 9 7 70 33 51 68 6 3 26 32
43 Kutahya 7 45 10 16 11 3 26 64
44 Malatya 6 58 23 24 21 2 46
45 Manisa 6 10 43 64 20 9 35
46 Kahramanmaras 7 80 27 2 44 58 38 1
47 Mardin 4 63 21 72 73
48 Mugla 4 9 20 15 7
49 Mus 6 12 25 4 13 72 21
50 Nevsehir 5 40 66 38 51 68
51 Nigde 6 42 68 50 38 1 33
52 Ordu 4 55 60 58 28
53 Rize 4 61 69 25 8
54 Sakarya 4 41 11 14 81
55 Samsun 5 57 19 5 60 52
56 Siirt 4 72 13 65 73
57 Sinop 3 37 19 55
58 Sivas 8 66 60 52 28 24 44 46 38
59 Tekirdag 3 22 39 34
60 Tokat 5 66 5 55 52 58
61 Trabzon 4 28 29 69 53
62 Tunceli 3 12 24 23
63 Sanliurfa 4 27 2 21 47
64 Usak 4 45 43 3 20
65 Van 5 30 73 56 13 4
66 Yozgat 8 40 71 19 5 60 58 38 50
67 Zonguldak 4 81 14 78 74
68 Aksaray 5 42 6 40 50 51
69 Bayburt 5 29 61 53 25 24
70 Karaman 3 7 42 33
71 Kirikkale 5 6 18 19 66 40
72 Batman 5 47 21 49 13 56
73 Sirnak 4 47 56 65 30
74 Bartin 3 67 78 37
75 Ardahan 3 8 25 36
76 Igdir 2 4 36
77 Yalova 2 41 16
78 Karabuk 5 67 74 37 18 14
79 Kilis 1 27
80 Osmaniye 4 1 31 27 46
81 Duzce 3 54 67 14

